%YAML:1.0
---
aruco_bc_dict: ARUCO_MIP_25h7
aruco_bc_nmarkers: 12
aruco_bc_mInfoType: 0
aruco_bc_markers:
   - { id:44, corners:[ [ -4500., -3000., 0. ], [ -1500., -3000., 0. ],
       [ -1500., -6000., 0. ], [ -4500., -6000., 0. ] ] }
   - { id:0, corners:[ [ -900., -3000., 0. ], [ 2100., -3000., 0. ], [
       2100., -6000., 0. ], [ -900., -6000., 0. ] ] }
   - { id:12, corners:[ [ 2700., -3000., 0. ], [ 5700., -3000., 0. ], [
       5700., -6000., 0. ], [ 2700., -6000., 0. ] ] }
   - { id:56, corners:[ [ -4500., 600., 0. ], [ -1500., 600., 0. ], [
       -1500., -2400., 0. ], [ -4500., -2400., 0. ] ] }
   - { id:74, corners:[ [ -900., 600., 0. ], [ 2100., 600., 0. ], [
       2100., -2400., 0. ], [ -900., -2400., 0. ] ] }
   - { id:59, corners:[ [ 2700., 600., 0. ], [ 5700., 600., 0. ], [
       5700., -2400., 0. ], [ 2700., -2400., 0. ] ] }
   - { id:83, corners:[ [ -4500., 4200., 0. ], [ -1500., 4200., 0. ], [
       -1500., 1200., 0. ], [ -4500., 1200., 0. ] ] }
   - { id:77, corners:[ [ -900., 4200., 0. ], [ 2100., 4200., 0. ], [
       2100., 1200., 0. ], [ -900., 1200., 0. ] ] }
   - { id:21, corners:[ [ 2700., 4200., 0. ], [ 5700., 4200., 0. ], [
       5700., 1200., 0. ], [ 2700., 1200., 0. ] ] }
   - { id:24, corners:[ [ -4500., 7800., 0. ], [ -1500., 7800., 0. ], [
       -1500., 4800., 0. ], [ -4500., 4800., 0. ] ] }
   - { id:4, corners:[ [ -900., 7800., 0. ], [ 2100., 7800., 0. ], [
       2100., 4800., 0. ], [ -900., 4800., 0. ] ] }
   - { id:19, corners:[ [ 2700., 7800., 0. ], [ 5700., 7800., 0. ], [
       5700., 4800., 0. ], [ 2700., 4800., 0. ] ] }
