%YAML:1.0
---
aruco_bc_dict: ARUCO_MIP_25h7
aruco_bc_nmarkers: 42
aruco_bc_mInfoType: 1
aruco_bc_markers:
   - { id:0, corners:[ [ -4.3121721595525742e-02, 1.9047958776354790e-02,
       -3.2321730256080627e-01 ], [ -4.3680399656295776e-02,
       1.8920997157692909e-02, -2.9322278499603271e-01 ], [
       -4.4056583195924759e-02, -1.1076344177126884e-02,
       -2.9335674643516541e-01 ], [ -4.3497905135154724e-02,
       -1.0949382558465004e-02, -3.2335126399993896e-01 ] ] }
   - { id:1, corners:[ [ -4.3935053050518036e-02, 1.8693424761295319e-02,
       -2.8425601124763489e-01 ], [ -4.4484749436378479e-02,
       1.8572717905044556e-02, -2.5426128506660461e-01 ], [
       -4.4562272727489471e-02, -1.1426933109760284e-02,
       -2.5438341498374939e-01 ], [ -4.4012576341629028e-02,
       -1.1306226253509521e-02, -2.8437814116477966e-01 ] ] }
   - { id:2, corners:[ [ -4.4940162450075150e-02, 1.8667386844754219e-02,
       -2.4509347975254059e-01 ], [ -4.5365892350673676e-02,
       1.8436117097735405e-02, -2.1509739756584167e-01 ], [
       -4.4830765575170517e-02, -1.1558273807168007e-02,
       -2.1532104909420013e-01 ], [ -4.4405035674571991e-02,
       -1.1327004060149193e-02, -2.4531713128089905e-01 ] ] }
   - { id:3, corners:[ [ -4.4904634356498718e-02, 1.8171761184930801e-02,
       -2.0567011833190918e-01 ], [ -4.4448658823966980e-02,
       1.7987405881285667e-02, -1.7567415535449982e-01 ], [
       -4.3984241783618927e-02, -1.2008387595415115e-02,
       -1.7586556077003479e-01 ], [ -4.4440217316150665e-02,
       -1.1824032291769981e-02, -2.0586152374744415e-01 ] ] }
   - { id:4, corners:[ [ -1.4967740513384342e-02, 5.3960449993610382e-02,
       4.4098682701587677e-04 ], [ 1.5029930509626865e-02,
       5.4090540856122971e-02, 9.0565939899533987e-05 ], [
       1.5162657015025616e-02, 2.4091683328151703e-02,
       3.1571160070598125e-04 ], [ -1.4835014007985592e-02,
       2.3961592465639114e-02, 6.6613248782232404e-04 ] ] }
   - { id:5, corners:[ [ -4.3533790856599808e-02,
       -1.9837880507111549e-02, -3.2333919405937195e-01 ], [
       -4.3911471962928772e-02, -2.0179685205221176e-02,
       -2.9334351420402527e-01 ], [ -4.3545801192522049e-02,
       -5.0175562500953674e-02, -2.9368069767951965e-01 ], [
       -4.3168120086193085e-02, -4.9833755940198898e-02,
       -3.2367637753486633e-01 ] ] }
   - { id:6, corners:[ [ -4.3923068791627884e-02,
       -2.0345635712146759e-02, -2.8438425064086914e-01 ], [
       -4.4250890612602234e-02, -2.0708668977022171e-02,
       -2.5438824295997620e-01 ], [ -4.3773990124464035e-02,
       -5.0702743232250214e-02, -2.5474601984024048e-01 ], [
       -4.3446168303489685e-02, -5.0339709967374802e-02,
       -2.8474202752113342e-01 ] ] }
   - { id:7, corners:[ [ -4.4372018426656723e-02,
       -2.0817190408706665e-02, -2.4537473917007446e-01 ], [
       -4.4200122356414795e-02, -2.1084351465106010e-02,
       -2.1537642180919647e-01 ], [ -4.3820623308420181e-02,
       -5.1080740988254547e-02, -2.1564573049545288e-01 ], [
       -4.3992519378662109e-02, -5.0813578069210052e-02,
       -2.4564404785633087e-01 ] ] }
   - { id:8, corners:[ [ -4.4254086911678314e-02,
       -2.1239858120679855e-02, -2.0584455132484436e-01 ], [
       -4.3382838368415833e-02, -2.1500203758478165e-02,
       -1.7585833370685577e-01 ], [ -4.2513228952884674e-02,
       -5.1486235111951828e-02, -1.7614394426345825e-01 ], [
       -4.3384477496147156e-02, -5.1225889474153519e-02,
       -2.0613016188144684e-01 ] ] }
   - { id:9, corners:[ [ -1.4999999664723873e-02, 1.4999999664723873e-02,
       0. ], [ 1.4999999664723873e-02, 1.4999999664723873e-02, 0. ], [
       1.4999999664723873e-02, -1.4999999664723873e-02, 0. ], [
       -1.4999999664723873e-02, -1.4999999664723873e-02, 0. ] ] }
   - { id:10, corners:[ [ 5.4884299635887146e-02,
       -9.5480062067508698e-02, -4.1002821177244186e-02 ], [
       5.5027306079864502e-02, -6.5498165786266327e-02,
       -3.9970733225345612e-02 ], [ 5.6271001696586609e-02,
       -6.4472876489162445e-02, -6.9927401840686798e-02 ], [
       5.6127995252609253e-02, -9.4454772770404816e-02,
       -7.0959486067295074e-02 ] ] }
   - { id:11, corners:[ [ 5.5370323359966278e-02,
       -5.6093744933605194e-02, -3.9659213274717331e-02 ], [
       5.4497413337230682e-02, -2.6124376803636551e-02,
       -3.8622364401817322e-02 ], [ 5.5080138146877289e-02,
       -2.5070333853363991e-02, -6.8598181009292603e-02 ], [
       5.5953048169612885e-02, -5.5039700120687485e-02,
       -6.9635026156902313e-02 ] ] }
   - { id:12, corners:[ [ 5.4714478552341461e-02,
       -1.6627816483378410e-02, -3.8300395011901855e-02 ], [
       5.4210960865020752e-02, 1.3352715410292149e-02,
       -3.7344209849834442e-02 ], [ 5.3776808083057404e-02,
       1.4301654882729053e-02, -6.7326053977012634e-02 ], [
       5.4280325770378113e-02, -1.5678877010941505e-02,
       -6.8282239139080048e-02 ] ] }
   - { id:13, corners:[ [ 5.4574947804212570e-02, 2.2823404520750046e-02,
       -3.6962889134883881e-02 ], [ 5.5575460195541382e-02,
       5.2795618772506714e-02, -3.6147177219390869e-02 ], [
       5.4924752563238144e-02, 5.3633298724889755e-02,
       -6.6128417849540710e-02 ], [ 5.3924240171909332e-02,
       2.3661084473133087e-02, -6.6944129765033722e-02 ] ] }
   - { id:14, corners:[ [ -1.5204248949885368e-02,
       -2.4128982797265053e-02, -3.6808612640015781e-04 ], [
       1.4795748516917229e-02, -2.4139059707522392e-02,
       -3.6763798561878502e-04 ], [ 1.4785679057240486e-02,
       -5.4136812686920166e-02, -7.3473260272294283e-04 ], [
       -1.5214318409562111e-02, -5.4126732051372528e-02,
       -7.3518080171197653e-04 ] ] }
   - { id:15, corners:[ [ 5.6469764560461044e-02,
       -9.4082184135913849e-02, -8.0242499709129333e-02 ], [
       5.5605418980121613e-02, -6.4108848571777344e-02,
       -7.9319477081298828e-02 ], [ 5.5908273905515671e-02,
       -6.3176773488521576e-02, -1.0930345952510834e-01 ], [
       5.6772619485855103e-02, -9.3150109052658081e-02,
       -1.1022648215293884e-01 ] ] }
   - { id:16, corners:[ [ 5.6228585541248322e-02,
       -5.4775342345237732e-02, -7.8950874507427216e-02 ], [
       5.4512590169906616e-02, -2.4840123951435089e-02,
       -7.7982291579246521e-02 ], [ 5.3468063473701477e-02,
       -2.3930355906486511e-02, -1.0795029252767563e-01 ], [
       5.5184058845043182e-02, -5.3865574300289154e-02,
       -1.0891887545585632e-01 ] ] }
   - { id:17, corners:[ [ 5.3929265588521957e-02,
       -1.5532719902694225e-02, -7.7597707509994507e-02 ], [
       5.3228095173835754e-02, 1.4445262961089611e-02,
       -7.6687291264533997e-02 ], [ 5.2090357989072800e-02,
       1.5328683890402317e-02, -1.0665269196033478e-01 ], [
       5.2791528403759003e-02, -1.4649298973381519e-02,
       -1.0756310820579529e-01 ] ] }
   - { id:18, corners:[ [ 5.3041417151689529e-02, 2.3776778951287270e-02,
       -7.6372347772121429e-02 ], [ 5.4483789950609207e-02,
       5.3727485239505768e-02, -7.5437061488628387e-02 ], [
       5.3947400301694870e-02, 5.4689511656761169e-02,
       -1.0541682690382004e-01 ], [ 5.2505027502775192e-02,
       2.4738803505897522e-02, -1.0635211318731308e-01 ] ] }
   - { id:19, corners:[ [ -1.5172010287642479e-02,
       -6.3392937183380127e-02, -9.2780473642051220e-04 ], [
       1.4827970415353775e-02, -6.3361212611198425e-02,
       -9.2100468464195728e-04 ], [ 1.4859648421406746e-02,
       -9.3360528349876404e-02, -7.2165660094469786e-04 ], [
       -1.5140332281589508e-02, -9.3392252922058105e-02,
       -7.2845665272325277e-04 ] ] }
   - { id:20, corners:[ [ 5.4540477693080902e-02,
       -4.9786113202571869e-02, -1.6637812554836273e-01 ], [
       5.2350968122482300e-02, -1.9878899678587914e-02,
       -1.6550362110137939e-01 ], [ 5.3283773362636566e-02,
       -1.8934244289994240e-02, -1.9547422230243683e-01 ], [
       5.5473282933235168e-02, -4.8841454088687897e-02,
       -1.9634872674942017e-01 ] ] }
