%YAML:1.0
---
image_width: 1920
image_height: 1080
camera_matrix: !!opencv-matrix
   rows: 3
   cols: 3
   dt: f
   data: [ 1.13931641e+03, 0., 9.50299133e+02, 0., 1.13811340e+03,
       5.13890442e+02, 0., 0., 1. ]
distortion_coefficients: !!opencv-matrix
   rows: 1
   cols: 5
   dt: f
   data: [ 1.87278062e-01, -4.37192351e-01, -5.08139201e-05,
       -6.34451862e-04, 2.30218619e-01 ]
