%YAML:1.0
---
aruco_bc_dict: ARUCO_MIP_25h7
aruco_bc_nmarkers: 42
aruco_bc_mInfoType: 1
aruco_bc_markers:
   - { id:0, corners:[ [ 3.0594559386372566e-02, 6.6258236765861511e-02,
       -6.6898055374622345e-02 ], [ 1.5962477773427963e-03,
       6.6549636423587799e-02, -6.7011632025241852e-02 ], [
       1.7134863883256912e-03, 6.6914528608322144e-02,
       -9.6009097993373871e-02 ], [ 3.0711797997355461e-02,
       6.6623128950595856e-02, -9.5895521342754364e-02 ] ] }
   - { id:1, corners:[ [ -3.6329384893178940e-02, 6.8102620542049408e-02,
       -2.8511226177215576e-01 ], [ -7.3345722630620003e-03,
       6.7765295505523682e-02, -2.8467974066734314e-01 ], [
       -7.7686952427029610e-03, 6.7630060017108917e-02,
       -2.5568330287933350e-01 ], [ -3.6763507872819901e-02,
       6.7967385053634644e-02, -2.5611582398414612e-01 ] ] }
   - { id:3, corners:[ [ 7.0254333317279816e-02, 6.6412791609764099e-02,
       -8.9388668537139893e-02 ], [ 4.1262820363044739e-02,
       6.6271536052227020e-02, -9.0075768530368805e-02 ], [
       4.1948512196540833e-02, 6.6555738449096680e-02,
       -1.1906626820564270e-01 ], [ 7.0940025150775909e-02,
       6.6696994006633759e-02, -1.1837916821241379e-01 ] ] }
   - { id:4, corners:[ [ 4.4711120426654816e-02, 6.5657906234264374e-02,
       -3.1884245574474335e-02 ], [ 4.4707909226417542e-02,
       6.6028773784637451e-02, -6.0881875455379486e-02 ], [
       7.3706492781639099e-02, 6.6315330564975739e-02,
       -6.0881420969963074e-02 ], [ 7.3709703981876373e-02,
       6.5944463014602661e-02, -3.1883791089057922e-02 ] ] }
   - { id:5, corners:[ [ 3.0779417604207993e-02, 6.6678918898105621e-02,
       -1.0466982424259186e-01 ], [ 1.7841076478362083e-03,
       6.7150607705116272e-02, -1.0489200055599213e-01 ], [
       2.0151725038886070e-03, 6.7697621881961823e-02,
       -1.3388592004776001e-01 ], [ 3.1010482460260391e-02,
       6.7225933074951172e-02, -1.3366374373435974e-01 ] ] }
   - { id:6, corners:[ [ -3.6805160343647003e-02, 6.7775450646877289e-02,
       -2.4724265933036804e-01 ], [ -7.8091118484735489e-03,
       6.7531041800975800e-02, -2.4683128297328949e-01 ], [
       -8.2201194018125534e-03, 6.7575477063655853e-02,
       -2.1783423423767090e-01 ], [ -3.7216171622276306e-02,
       6.7819885909557343e-02, -2.1824561059474945e-01 ] ] }
   - { id:8, corners:[ [ -4.8975177109241486e-02, 6.6694438457489014e-02,
       -3.1275451183319092e-02 ], [ -7.7961154282093048e-02,
       6.7365825176239014e-02, -3.0673574656248093e-02 ], [
       -7.8541494905948639e-02, 6.8289741873741150e-02,
       -5.9653043746948242e-02 ], [ -4.9555517733097076e-02,
       6.7618355154991150e-02, -6.0254920274019241e-02 ] ] }
   - { id:9, corners:[ [ -7.8624330461025238e-02, 6.8214885890483856e-02,
       -9.0429291129112244e-02 ], [ -7.8955836594104767e-02,
       6.8694494664669037e-02, -1.1942342668771744e-01 ], [
       -4.9961946904659271e-02, 6.8205527961254120e-02,
       -1.1976301670074463e-01 ], [ -4.9630440771579742e-02,
       6.7725919187068939e-02, -9.0768881142139435e-02 ] ] }
   - { id:10, corners:[ [ 3.1087208539247513e-02, 6.7373737692832947e-02,
       -1.4236183464527130e-01 ], [ 2.0946711301803589e-03,
       6.7917108535766602e-02, -1.4273266494274139e-01 ], [
       2.4640783667564392e-03, 6.7838385701179504e-02,
       -1.7173020541667938e-01 ], [ 3.1456615775823593e-02,
       6.7295014858245850e-02, -1.7135937511920929e-01 ] ] }
   - { id:11, corners:[ [ -3.7294290959835052e-02,
       6.8310268223285675e-02, -2.0936831831932068e-01 ], [
       -8.2983272150158882e-03, 6.7963033914566040e-02,
       -2.0903162658214569e-01 ], [ -8.6344694718718529e-03,
       6.8010814487934113e-02, -1.8003362417221069e-01 ], [
       -3.7630435079336166e-02, 6.8358048796653748e-02,
       -1.8037031590938568e-01 ] ] }
   - { id:15, corners:[ [ 3.1539879739284515e-02, 6.7333392798900604e-02,
       -1.8054383993148804e-01 ], [ 2.5462061166763306e-03,
       6.7915186285972595e-02, -1.8071202933788300e-01 ], [
       2.7101114392280579e-03, 6.7700542509555817e-02,
       -2.0971077680587769e-01 ], [ 3.1703785061836243e-02,
       6.7118749022483826e-02, -2.0954258739948273e-01 ] ] }
   - { id:16, corners:[ [ -3.7747949361801147e-02,
       6.8328112363815308e-02, -1.7136193811893463e-01 ], [
       -8.7517760694026947e-03, 6.7934840917587280e-02,
       -1.7110250890254974e-01 ], [ -9.0108830481767654e-03,
       6.7960247397422791e-02, -1.4210368692874908e-01 ], [
       -3.8007054477930069e-02, 6.8353518843650818e-02,
       -1.4236311614513397e-01 ] ] }
   - { id:21, corners:[ [ -3.8101099431514740e-02,
       6.8198017776012421e-02, -1.3345326483249664e-01 ], [
       -9.1041289269924164e-03, 6.7849636077880859e-02,
       -1.3322021067142487e-01 ], [ -9.3428641557693481e-03,
       6.7374981939792633e-02, -1.0422508418560028e-01 ], [
       -3.8339834660291672e-02, 6.7723363637924194e-02,
       -1.0445813089609146e-01 ] ] }
   - { id:26, corners:[ [ -3.8411676883697510e-02,
       6.7604444921016693e-02, -9.5485776662826538e-02 ], [
       -9.4149690121412277e-03, 6.7214481532573700e-02,
       -9.5288567245006561e-02 ], [ -9.6178855746984482e-03,
       6.6789679229259491e-02, -6.6292390227317810e-02 ], [
       -3.8614593446254730e-02, 6.7179642617702484e-02,
       -6.6489599645137787e-02 ] ] }
   - { id:31, corners:[ [ -3.4043371677398682e-02,
       -3.8400147110223770e-02, -2.5133579969406128e-01 ], [
       -3.4405156970024109e-02, -3.7835881114006042e-02,
       -2.2234356403350830e-01 ], [ -5.4129064083099365e-03,
       -3.8393083959817886e-02, -2.2197093069553375e-01 ], [
       -5.0511192530393600e-03, -3.8957349956035614e-02,
       -2.5096318125724792e-01 ] ] }
   - { id:33, corners:[ [ 7.3915332555770874e-02,
       -4.1423998773097992e-02, -4.3673861771821976e-02 ], [
       4.4919434934854507e-02, -4.1873123496770859e-02,
       -4.3483205139636993e-02 ], [ 4.5111920684576035e-02,
       -4.1989713907241821e-02, -1.4484080485999584e-02 ], [
       7.4107810854911804e-02, -4.1540589183568954e-02,
       -1.4674737118184566e-02 ] ] }
   - { id:34, corners:[ [ -2.4862363934516907e-02,
       -1.4502890408039093e-02, -3.1203831895254552e-04 ], [
       -5.3854826837778091e-02, -1.4417309314012527e-02,
       -9.6762471366673708e-04 ], [ -5.3772799670696259e-02,
       1.4582144096493721e-02, -8.0956320744007826e-04 ], [
       -2.4780336767435074e-02, 1.4496563002467155e-02,
       -1.5397681272588670e-04 ] ] }
   - { id:36, corners:[ [ 3.5997126251459122e-03,
       -3.8981601595878601e-02, -2.5092965364456177e-01 ], [
       3.3516511321067810e-03, -3.8536440581083298e-02,
       -2.2193413972854614e-01 ], [ 3.2346889376640320e-02,
       -3.8995690643787384e-02, -2.2167903184890747e-01 ], [
       3.2594952732324600e-02, -3.9440851658582687e-02,
       -2.5067454576492310e-01 ] ] }
   - { id:38, corners:[ [ -3.4546472132205963e-02,
       -4.2006567120552063e-02, -5.0972077995538712e-02 ], [
       -5.5704675614833832e-03, -4.3047111481428146e-02,
       -5.0416614860296249e-02 ], [ -5.0118509680032730e-03,
       -4.2969167232513428e-02, -7.9411126673221588e-02 ], [
       -3.3987853676080704e-02, -4.1928622871637344e-02,
       -7.9966589808464050e-02 ] ] }
   - { id:39, corners:[ [ -2.4714373052120209e-02,
       2.3543996736407280e-02, -1.8820731202140450e-04 ], [
       -5.3710367530584335e-02, 2.3648452013731003e-02,
       -6.5874750725924969e-04 ], [ -5.3616747260093689e-02,
       5.2640631794929504e-02, 8.0394092947244644e-06 ], [
       -2.4620752781629562e-02, 5.2536178380250931e-02,
       4.7857963363640010e-04 ] ] }
   - { id:41, corners:[ [ 3.2875094562768936e-02,
       -3.9336562156677246e-02, -2.5958022475242615e-01 ], [
       3.3053737133741379e-02, -4.0123552083969116e-02,
       -2.8856897354125977e-01 ], [ 4.0564388036727905e-03,
       -3.9775460958480835e-02, -2.8875711560249329e-01 ], [
       3.8777962327003479e-03, -3.8988471031188965e-02,
